255c255
< 1 2 3 3 4 4
---
> 1 2 3 4 4 4
756c756
< 1 1 1 2 3 4
---
> 1 2 3 4 4 4
819c819
< 1 2 2 3 3
---
> 1 2 3 3 3
1170c1170
< 1 1 1 2 3 3
---
> 1 1 2 2 3 3
1386c1386
< 1 2 3 3 3 3
---
> 1 2 2 3 3 3
1644c1644
< 1 2 2 2 2 2
---
> 1 1 1 2 2 2
2214c2214
< 1 2 2 3 4 4
---
> 1 2 3 3 4 4
2991c2991
< 1 1 2 3 4 4
---
> 1 2 3 3 3 4
3330c3330
< 1 2 2 2 2 2
---
> 1 1 1 2 2 2
4923c4923
< 1 2 3 4 4 4
---
> 1 2 3 3 4 4
5031c5031
< 1 2 2 3 4
---
> 1 1 2 3 4
5463c5463
< 1 2 2 2 3 4
---
> 1 2 3 3 3 4
5610c5610
< 1 2 2 2 2 2
---
> 1 1 1 2 2 2
5673c5673
< 1 2 2 2 2 2
---
> 1 1 1 2 2 2
5778c5778
< 1 2 3 3 3
---
> 1 2 2 3 3
5937c5937
< 1 2 3 3 4 4
---
> 1 2 2 3 4 4
6771c6771
< 1 2 2 3 3
---
> 1 2 3 3 3
7068c7068
< 1 2 3 3 3
---
> 1 2 2 3 3
7155c7155
< 1 2 3 3 4
---
> 1 1 2 3 4
7284c7284
< 1 2 2 3 3
---
> 1 2 2 2 3
7875c7875
< 1 2 2 3 3
---
> 1 2 2 2 3
